2.647378101152316
0.1827103171811606
-3.028509411473188
-2.985947610945101
-2.8821127478721493
-2.8353268757973322
0.4801344594866432
0.2971953569537352
0.1486284413393077
0.24950860808544598
-2.905936634461994
-2.742225389048536
-2.9350197590257205
-2.681559151733537
-2.4833058853774803
-2.5349616773067742
-2.5904331243302736
-2.5647900648656305
-2.3261916802887312
-2.6030938079546475
-2.5374226454548534
-2.44084445418038
0.3008007531748553
0.37184482324561974
0.5101422245249408
0.6451931545558228
0.5527484146099132
0.8648914729859354
0.9302631020836563
0.6129252427105056
-2.267469837642233
-2.2791597111691777
-2.325689927241129
-2.117437618362971
0.9364115215341667
1.2206053362458877
1.0463073053768062
0.9365791882864817
1.1807398845895825
1.1983884668852889
0.8756296169066736
1.01972853966767
1.0204175326672493
0.8522395691276934
0.8523742864363031
1.104947066032803
-2.0617126649720388
-2.250192978955637
-1.859797423823944
-2.316947105958156
0.8486685328863852
0.8040328896457593
0.8045597098759922
0.8320745093855244
0.8730312616034287
0.8165255770925749
0.806380368404945
1.1029496820649936
0.9937992447413457
0.6974950926937167
0.7437763711504803
0.7618306440930854
-2.014203180548756
-2.0605286938262797
-2.209545484028479
-2.2971302204438238
0.866009971121384
0.9689942422784787
0.8352730663910427
0.5941913292656414
-2.2277257279060647
-2.4543520348213375
-2.322791512701586
-2.785081885677383
-2.3492856723474973
-2.440059617572123
-2.5767416916345405
-2.5387638477016017
-2.5937615069597273
-2.5893381313203965
-2.759781823049855
-2.6727699078737737
-2.494167187080907
-2.485284610675222
-2.5315701235725956
-2.3850578632926234
0.4456438684591237
0.5333470955276005
0.7689263918809188
0.7140802523477425
0.5812135473996205
0.41691813466567024
0.467743364296123
0.4425536917472517
0.47801032275277416
0.34235812461718806
0.6510543700810504
0.5605378831674771
0.8215083178367131
0.44232110607712205
0.4536396028652119
0.18441195310930134
-3.0660364483290246
-2.896547990397025
-2.8081356329148517
-2.9020640501591224
0.255586746741132
0.2176711793024005
0.24903531845506027
0.46994269954535567
-2.6326674436343147
3.091468340045153
-2.9017461231907906
-3.0231774070751944
-2.682842843450137
-3.0668117274939144
3.101202496536175
-2.921434135828475
0.2511626057865517
-0.11996175914850052
-0.09661919447385464
-0.17649862347943704
3.1192990503690785
3.0920968327992115
3.029204883466726
3.1088625659008273
-3.130745198774054
3.020108922487768
2.9193406611599957
2.991376634985991
2.745874628615584
2.9867699479382273
2.872086612223213
3.0359100502495586
-0.70263634032888
-0.5278263946991927
-0.860025669104961
-0.7671841511497918
-0.6644661383670509
-0.4630918991385876
-0.6195632299298429
-0.30416046772379957
2.700653135207673
2.9738656285969958
2.7512765824597296
2.844906020276722
-0.7626602506455062
-0.037868824483463834
-0.4376860587762935
-0.20501557648852506
2.7251621597265725
2.377742554979065
2.1909056586090494
2.463965207078944
2.423151951424382
2.3207187746349285
2.432271987889059
2.2153490827816977
-0.44465750675489957
-0.5420200771772128
-0.7463974438564049
-0.7966166990520416
-0.5296209415510654
-0.5420847929026565
-0.5201735991148421
-0.6470598126315006
-0.5143608539145011
-0.6439881415077289
-0.8041271977849829
-0.8905917208183984
2.0706484920598562
1.9777408596368682
1.8003351528748275
1.9741749687837091
1.9923399992124278
1.964796246843517
1.8313500543737034
1.924791323668077
1.9682258462896336
2.000111616634321
2.0938397905843247
1.7284545075996591
-0.9978693982743149
-1.0319012985833962
-0.7865072833248745
-1.470908451969644
1.772673331111958
1.864833273824132
1.8429206601595614
1.7346430734228369
2.136177180327074
1.6493803397731885
2.084484228245688
2.183854867153246
1.7687492380528997
1.7415238249585463
2.0608517171004808
2.1195673399825306
1.762361257081151
1.9380238782577757
